TrialNo	MovNo	NbrCycles	X	Y	Z	Rz	Fx	Fx_control	Fy	Fy_control	Fz	Fz_control	TrigCam	Relative	Acc
1	1	1000	5.93	-15.93	0	0	0	0	0	0	0	0	0	1	100000
1	2	2322	5.93	-15.93	0	0	0	0	0	0	0	0	0	1	100000
1	3	900	5.93	-15.93	-15	0	0	0	0	0	0	0	0	1	100000
1	4	1000	5.93	-15.93	-15	0	0	0	0	0	0	0	0	1	100000
1	5	900	5.93	-15.93	0	0	0	0	0	0	0	0	0	1	100000
1	6	1000	-11.46	-15.16	0	0	0	0	0	0	0	0	0	1	100000
1	7	4650	-11.46	-15.16	0	0	0	0	0	0	0	0	0	1	100000
1	8	900	-11.46	-15.16	-15	0	0	0	0	0	0	0	0	1	100000
1	9	1000	-11.46	-15.16	-15	0	0	0	0	0	0	0	0	1	100000
1	10	900	-11.46	-15.16	0	0	0	0	0	0	0	0	0	1	100000
1	11	1000	-9.09	-11.93	0	0	0	0	0	0	0	0	0	1	100000
1	12	2079	-9.09	-11.93	0	0	0	0	0	0	0	0	0	1	100000
1	13	900	-9.09	-11.93	-15	0	0	0	0	0	0	0	0	1	100000
1	14	1000	-9.09	-11.93	-15	0	0	0	0	0	0	0	0	1	100000
1	15	900	-9.09	-11.93	0	0	0	0	0	0	0	0	0	1	100000
1	16	1000	10.54	3.16	0	0	0	0	0	0	0	0	0	1	100000
1	17	7384	10.54	3.16	0	0	0	0	0	0	0	0	0	1	100000
1	18	900	10.54	3.16	-15	0	0	0	0	0	0	0	0	1	100000
1	19	1000	10.54	3.16	-15	0	0	0	0	0	0	0	0	1	100000
1	20	900	10.54	3.16	0	0	0	0	0	0	0	0	0	1	100000
1	21	1000	4.8	17.35	0	0	0	0	0	0	0	0	0	1	100000
1	22	3180	4.8	17.35	0	0	0	0	0	0	0	0	0	1	100000
1	23	900	4.8	17.35	-15	0	0	0	0	0	0	0	0	1	100000
1	24	1000	4.8	17.35	-15	0	0	0	0	0	0	0	0	1	100000
1	25	900	4.8	17.35	0	0	0	0	0	0	0	0	0	1	100000
1	26	1000	-13.3	4.37	0	0	0	0	0	0	0	0	0	1	100000
1	27	2560	-13.3	4.37	0	0	0	0	0	0	0	0	0	1	100000
1	28	900	-13.3	4.37	-15	0	0	0	0	0	0	0	0	1	100000
1	29	1000	-13.3	4.37	-15	0	0	0	0	0	0	0	0	1	100000
1	30	900	-13.3	4.37	0	0	0	0	0	0	0	0	0	1	100000
1	31	1000	6.15	11.45	0	0	0	0	0	0	0	0	0	1	100000
1	32	3844	6.15	11.45	0	0	0	0	0	0	0	0	0	1	100000
1	33	900	6.15	11.45	-15	0	0	0	0	0	0	0	0	1	100000
1	34	1000	6.15	11.45	-15	0	0	0	0	0	0	0	0	1	100000
1	35	900	6.15	11.45	0	0	0	0	0	0	0	0	0	1	100000
1	36	1000	15.72	-6.47	0	0	0	0	0	0	0	0	0	1	100000
1	37	4736	15.72	-6.47	0	0	0	0	0	0	0	0	0	1	100000
1	38	900	15.72	-6.47	-15	0	0	0	0	0	0	0	0	1	100000
1	39	1000	15.72	-6.47	-15	0	0	0	0	0	0	0	0	1	100000
1	40	900	15.72	-6.47	0	0	0	0	0	0	0	0	0	1	100000
1	41	1000	3.46	10.44	0	0	0	0	0	0	0	0	0	1	100000
1	42	2610	3.46	10.44	0	0	0	0	0	0	0	0	0	1	100000
1	43	900	3.46	10.44	-15	0	0	0	0	0	0	0	0	1	100000
1	44	1000	3.46	10.44	-15	0	0	0	0	0	0	0	0	1	100000
1	45	900	3.46	10.44	0	0	0	0	0	0	0	0	0	1	100000
1	46	1000	3.51	-10.42	0	0	0	0	0	0	0	0	0	1	100000
1	47	7973	3.51	-10.42	0	0	0	0	0	0	0	0	0	1	100000
1	48	900	3.51	-10.42	-15	0	0	0	0	0	0	0	0	1	100000
1	49	1000	3.51	-10.42	-15	0	0	0	0	0	0	0	0	1	100000
1	50	900	3.51	-10.42	0	0	0	0	0	0	0	0	0	1	100000
1	51	1000	16.06	5.59	0	0	0	0	0	0	0	0	0	1	100000
1	52	3992	16.06	5.59	0	0	0	0	0	0	0	0	0	1	100000
1	53	900	16.06	5.59	-15	0	0	0	0	0	0	0	0	1	100000
1	54	1000	16.06	5.59	-15	0	0	0	0	0	0	0	0	1	100000
1	55	900	16.06	5.59	0	0	0	0	0	0	0	0	0	1	100000
1	56	1000	-0.11	16	0	0	0	0	0	0	0	0	0	1	100000
1	57	3784	-0.11	16	0	0	0	0	0	0	0	0	0	1	100000
1	58	900	-0.11	16	-15	0	0	0	0	0	0	0	0	1	100000
1	59	1000	-0.11	16	-15	0	0	0	0	0	0	0	0	1	100000
1	60	900	-0.11	16	0	0	0	0	0	0	0	0	0	1	100000
1	61	1000	13.82	5.84	0	0	0	0	0	0	0	0	0	1	100000
1	62	2372	13.82	5.84	0	0	0	0	0	0	0	0	0	1	100000
1	63	900	13.82	5.84	-15	0	0	0	0	0	0	0	0	1	100000
1	64	1000	13.82	5.84	-15	0	0	0	0	0	0	0	0	1	100000
1	65	900	13.82	5.84	0	0	0	0	0	0	0	0	0	1	100000
1	66	1000	-2.03	-16.88	0	0	0	0	0	0	0	0	0	1	100000
1	67	3789	-2.03	-16.88	0	0	0	0	0	0	0	0	0	1	100000
1	68	900	-2.03	-16.88	-15	0	0	0	0	0	0	0	0	1	100000
1	69	1000	-2.03	-16.88	-15	0	0	0	0	0	0	0	0	1	100000
1	70	900	-2.03	-16.88	0	0	0	0	0	0	0	0	0	1	100000
1	71	1000	-17	0.22	0	0	0	0	0	0	0	0	0	1	100000
1	72	2278	-17	0.22	0	0	0	0	0	0	0	0	0	1	100000
1	73	900	-17	0.22	-15	0	0	0	0	0	0	0	0	1	100000
1	74	1000	-17	0.22	-15	0	0	0	0	0	0	0	0	1	100000
1	75	900	-17	0.22	0	0	0	0	0	0	0	0	0	1	100000
1	76	1000	4.38	-17.46	0	0	0	0	0	0	0	0	0	1	100000
1	77	5033	4.38	-17.46	0	0	0	0	0	0	0	0	0	1	100000
1	78	900	4.38	-17.46	-15	0	0	0	0	0	0	0	0	1	100000
1	79	1000	4.38	-17.46	-15	0	0	0	0	0	0	0	0	1	100000
1	80	900	4.38	-17.46	0	0	0	0	0	0	0	0	0	1	100000
1	81	1000	-1.83	-12.87	0	0	0	0	0	0	0	0	0	1	100000
1	82	6569	-1.83	-12.87	0	0	0	0	0	0	0	0	0	1	100000
1	83	900	-1.83	-12.87	-15	0	0	0	0	0	0	0	0	1	100000
1	84	1000	-1.83	-12.87	-15	0	0	0	0	0	0	0	0	1	100000
1	85	900	-1.83	-12.87	0	0	0	0	0	0	0	0	0	1	100000
1	86	1000	2.45	16.82	0	0	0	0	0	0	0	0	0	1	100000
1	87	5787	2.45	16.82	0	0	0	0	0	0	0	0	0	1	100000
1	88	900	2.45	16.82	-15	0	0	0	0	0	0	0	0	1	100000
1	89	1000	2.45	16.82	-15	0	0	0	0	0	0	0	0	1	100000
1	90	900	2.45	16.82	0	0	0	0	0	0	0	0	0	1	100000
1	91	1000	8.29	-13.69	0	0	0	0	0	0	0	0	0	1	100000
1	92	2539	8.29	-13.69	0	0	0	0	0	0	0	0	0	1	100000
1	93	900	8.29	-13.69	-15	0	0	0	0	0	0	0	0	1	100000
1	94	1000	8.29	-13.69	-15	0	0	0	0	0	0	0	0	1	100000
1	95	900	8.29	-13.69	0	0	0	0	0	0	0	0	0	1	100000
1	96	1000	9.69	-10.1	0	0	0	0	0	0	0	0	0	1	100000
1	97	2485	9.69	-10.1	0	0	0	0	0	0	0	0	0	1	100000
1	98	900	9.69	-10.1	-15	0	0	0	0	0	0	0	0	1	100000
1	99	1000	9.69	-10.1	-15	0	0	0	0	0	0	0	0	1	100000
1	100	900	9.69	-10.1	0	0	0	0	0	0	0	0	0	1	100000
